8432021|1
87434040|2
92334412|3
8432021|1
87434040|2
92334412|3
8432021|1
87434040|2
92334412|3
8432021|1
87434040|2
92334412|3
8432021|1
87434040|2
92334412|3
8432021|1
87434040|2
92334412|3
8432021|1
87434040|2
92334412|3
8432021|1
87434040|2
92334412|3
8432021|1
87434040|2
92334412|3
8432021|1
87434040|2
92334412|3
8432021|1
87434040|2
92334412|3
8432021|1
87434040|2
92334412|3
8432021|1
87434040|2
92334412|3
8432021|1
87434040|2
92334412|3
8432021|1
87434040|2
92334412|3
8432021|1
87434040|2
92334412|3
8432021|1
87434040|2
92334412|3
8432021|1
87434040|2
92334412|3
8432021|1
87434040|2
92334412|3
8432021|1
87434040|2
92334412|3
8432021|1
87434040|2
92334412|3
8432021|1
87434040|2
92334412|3
8432021|1
87434040|2
92334412|3
8432021|1
87434040|2
92334412|3
8432021|1
87434040|2
92334412|3
8432021|1
87434040|2
92334412|3
8432021|1
87434040|2
92334412|3
8432021|1
87434040|2
92334412|3
8432021|1
87434040|2
92334412|3
8432021|1
87434040|2
92334412|3
8432021|1
87434040|2
92334412|3
8432021|1
87434040|2
92334412|3
8432021|1
87434040|2
92334412|3
8432021|1
87434040|2
92334412|3
8432021|1
87434040|2
92334412|3
8432021|1
87434040|2
92334412|3
8432021|1
87434040|2
92334412|3
8432021|1
87434040|2
92334412|3
8432021|1
87434040|2
92334412|3
8432021|1
87434040|2
92334412|3
8432021|1
87434040|2
92334412|3
8432021|1
87434040|2
92334412|3
8432021|1
87434040|2
92334412|3
8432021|1
87434040|2
92334412|3
8432021|1
87434040|2
92334412|3
8432021;1
87434040;2
92334412;3
8432021;1
87434040;2
92334412;3
8432021;1
87434040;2
92334412;3
